0.3984
0.1135
-0.0514
-0.9719
-0.1039
-0.2057
-0.0484
1.0000
-0.0029
-0.0027
-0.0003
0.9999
-0.0022
-0.0044
0.0091
0.9996
-0.0033
-0.0121
0.0238
0.9995
0.0013
-0.0126
0.0303
0.9996
0.0008
-0.0143
0.0248
0.9997
0.0009
-0.0138
0.0190
0.9998
0.0006
-0.0141
0.0148
0.9998
-0.0001
-0.0152
0.0126
0.9998
-0.0012
-0.0170
0.0117
0.9998
0.0002
-0.0146
0.0098
0.9999
-0.0004
-0.0095
0.0082
1.0000
-0.0007
-0.0059
0.0076
1.0000
-0.0006
-0.0031
0.0077
0.9999
0.0000
-0.0005
0.0101
0.4074
0.2068
0.0524
0.0453
0.2636
-0.9632
0.0261
1.0000
0.0007
0.0072
-0.0068
0.9999
0.0014
0.0061
-0.0086
0.9999
0.0018
0.0054
-0.0102
0.9999
0.0022
0.0049
-0.0121
0.9999
0.0021
0.0044
-0.0141
0.9998
0.0022
0.0035
-0.0171
0.9998
0.0011
0.0005
-0.0206
0.9998
0.0008
-0.0025
-0.0178
0.9999
0.0003
-0.0069
-0.0154
0.9999
0.0032
-0.0083
-0.0070
1.0000
0.0028
-0.0080
-0.0008
0.9999
0.0028
-0.0095
0.0052
0.9998
-0.0053
-0.0122
0.0119
0.9999
-0.0001
-0.0081
0.0069
0.2414
0.2357
0.0485
0.5476
0.0155
-0.7697
-0.3279
1.0000
-0.0011
-0.0010
-0.0020
1.0000
-0.0002
-0.0011
0.0014
1.0000
-0.0002
0.0001
-0.0057
1.0000
-0.0003
-0.0001
-0.0048
1.0000
-0.0002
0.0001
-0.0074
1.0000
-0.0003
-0.0001
-0.0055
1.0000
-0.0002
-0.0002
-0.0073
0.9999
-0.0002
-0.0001
-0.0121
0.9999
-0.0002
-0.0002
-0.0122
0.9999
0.0000
-0.0003
-0.0114
0.9999
0.0000
-0.0001
-0.0106
1.0000
0.0000
0.0001
-0.0081
1.0000
-0.0000
0.0001
-0.0047
0.1659
0.1157
0.0755
0.2705
-0.2476
0.9215
-0.1279
1.0000
-0.0000
-0.0072
0.0007
0.9999
-0.0007
-0.0157
0.0008
0.9999
-0.0007
-0.0159
0.0010
0.9999
0.0002
-0.0163
0.0013
0.9996
-0.0004
-0.0295
0.0007
0.9995
-0.0005
-0.0323
0.0002
0.9994
-0.0003
-0.0359
-0.0005
0.9997
-0.0005
-0.0258
-0.0002
0.9995
-0.0003
-0.0306
-0.0006
0.9998
-0.0002
-0.0219
-0.0007
0.9999
-0.0006
-0.0127
-0.0004
0.9998
-0.0001
-0.0194
-0.0008
1.0000
-0.0000
-0.0099
-0.0006
0.0093
0.0528
0.0934
0.0940
-0.6223
0.6918
0.3541
0.9997
-0.0007
-0.0071
-0.0238
0.9993
0.0002
-0.0110
-0.0349
0.9987
0.0029
-0.0148
-0.0479
0.9984
-0.0049
-0.0093
-0.0557
0.9990
-0.0042
-0.0074
-0.0440
0.9992
-0.0028
-0.0071
-0.0382
0.9995
-0.0017
-0.0065
-0.0321
0.9996
-0.0012
-0.0056
-0.0260
0.9998
-0.0020
-0.0043
-0.0205
0.9999
0.0019
-0.0028
-0.0123
0.9999
-0.0001
-0.0029
-0.0108
1.0000
-0.0001
-0.0019
-0.0068
1.0000
-0.0000
-0.0010
-0.0033
0.1042
0.0067
-0.0022
0.2882
-0.8862
-0.3616
0.0305
1.0000
0.0000
-0.0004
-0.0007
1.0000
0.0003
-0.0004
-0.0015
1.0000
0.0000
-0.0004
-0.0059
1.0000
-0.0002
-0.0003
-0.0073
1.0000
-0.0000
-0.0002
-0.0050
1.0000
-0.0000
-0.0001
-0.0070
1.0000
-0.0001
0.0000
-0.0091
1.0000
-0.0000
0.0001
-0.0073
1.0000
-0.0001
0.0001
-0.0053
1.0000
0.0000
0.0002
-0.0080
1.0000
0.0000
0.0001
-0.0062
1.0000
0.0001
0.0000
-0.0051
1.0000
-0.0000
0.0001
-0.0013
0.2514
0.0808
-0.0056
-0.9204
-0.0014
-0.1465
-0.3625
1.0000
-0.0001
-0.0001
-0.0012
1.0000
-0.0002
0.0000
0.0009
1.0000
-0.0002
0.0005
0.0006
1.0000
-0.0002
0.0010
0.0005
1.0000
-0.0012
0.0009
0.0024
1.0000
-0.0004
0.0015
0.0022
1.0000
-0.0013
0.0006
0.0050
1.0000
-0.0016
0.0003
0.0055
1.0000
-0.0020
0.0007
0.0064
1.0000
-0.0019
0.0004
0.0093
0.9999
-0.0029
-0.0014
0.0108
1.0000
-0.0031
-0.0004
0.0078
1.0000
0.0000
0.0013
0.0058
