0.3984 0.1135 -0.0514
0.4134 0.1157 -0.0578
0.4210 0.1264 -0.0591
0.4248 0.1399 -0.0512
0.4324 0.1499 -0.0511
0.4396 0.1594 -0.0501
0.4413 0.1702 -0.0400
0.4424 0.1807 -0.0295
0.4422 0.1892 -0.0191
0.4410 0.1966 -0.0087
0.4386 0.2020 0.0013
0.4355 0.2063 0.0112
0.4314 0.2086 0.0205
0.4266 0.2101 0.0294
0.4144 0.2088 0.0452
0.4074 0.2068 0.0524
0.3982 0.2014 0.0535
0.3883 0.1964 0.0547
0.3768 0.1924 0.0558
0.3646 0.1888 0.0571
0.3508 0.1859 0.0583
0.3371 0.1827 0.0598
0.3218 0.1800 0.0612
0.3113 0.1852 0.0608
0.2999 0.1904 0.0602
0.2882 0.1953 0.0595
0.2761 0.2001 0.0587
0.2650 0.2045 0.0577
0.2539 0.2090 0.0564
0.2471 0.2225 0.0525
0.2414 0.2357 0.0485
0.2361 0.2305 0.0597
0.2359 0.2334 0.0682
0.2253 0.2186 0.0774
0.2198 0.2137 0.0894
0.2145 0.2055 0.0919
0.2089 0.2003 0.1038
0.2036 0.1921 0.1060
0.1937 0.1728 0.1006
0.1885 0.1645 0.1025
0.1832 0.1561 0.1041
0.1789 0.1455 0.0958
0.1743 0.1359 0.0911
0.1701 0.1257 0.0834
0.1659 0.1157 0.0755
0.1550 0.1078 0.0690
0.1442 0.1001 0.0623
0.1332 0.0961 0.0646
0.1221 0.0919 0.0665
0.1112 0.0837 0.0588
0.0990 0.0787 0.0597
0.0873 0.0735 0.0599
0.0745 0.0715 0.0685
0.0638 0.0662 0.0673
0.0503 0.0633 0.0746
0.0383 0.0609 0.0817
0.0298 0.0562 0.0795
0.0191 0.0543 0.0864
0.0093 0.0528 0.0934
0.0049 0.0362 0.0815
0.0022 0.0278 0.0754
0.0011 0.0198 0.0687
0.0026 0.0129 0.0615
0.0095 0.0013 0.0468
0.0145 -0.0035 0.0396
0.0217 -0.0067 0.0326
0.0308 -0.0080 0.0263
0.0408 -0.0083 0.0204
0.0575 -0.0111 0.0077
0.0639 -0.0052 0.0101
0.0769 -0.0018 0.0057
0.0899 0.0017 0.0014
0.1042 0.0067 -0.0022
0.1131 0.0146 -0.0003
0.1220 0.0226 0.0015
0.1250 0.0367 0.0088
0.1346 0.0455 0.0109
0.1497 0.0481 0.0077
0.1589 0.0570 0.0099
0.1673 0.0653 0.0121
0.1823 0.0685 0.0091
0.1959 0.0704 0.0059
0.2033 0.0783 0.0082
0.2163 0.0798 0.0050
0.2306 0.0830 0.0023
0.2377 0.0782 -0.0028
0.2514 0.0808 -0.0056
0.2652 0.0941 -0.0110
0.2656 0.1082 -0.0126
0.2725 0.1149 -0.0153
0.2794 0.1215 -0.0181
0.2933 0.1349 -0.0234
0.3069 0.1343 -0.0271
0.3137 0.1410 -0.0302
0.3270 0.1405 -0.0348
0.3402 0.1401 -0.0401
0.3498 0.1433 -0.0452
0.3636 0.1426 -0.0510
0.3717 0.1343 -0.0544
0.3800 0.1261 -0.0580
