0.4122
-0.0192
0.3278
0.3152
-0.8408
-0.4401
-0.0103
1.0000
-0.0026
-0.0021
-0.0069
1.0000
-0.0033
-0.0033
0.0043
0.9996
-0.0035
-0.0149
0.0252
0.9992
-0.0022
-0.0186
0.0354
0.9988
0.0035
-0.0222
0.0441
0.9991
0.0030
-0.0202
0.0363
0.9994
0.0014
-0.0174
0.0296
0.9997
0.0009
-0.0137
0.0206
0.9999
0.0007
-0.0103
0.0134
0.9999
0.0005
-0.0075
0.0084
1.0000
0.0003
-0.0050
0.0046
1.0000
0.0002
-0.0032
0.0022
1.0000
-0.0001
-0.0016
0.0006
1.0000
-0.0000
0.0003
0.0002
0.4567
-0.0439
0.2025
-0.4682
-0.2631
-0.8390
0.0871
1.0000
-0.0000
-0.0001
-0.0018
1.0000
-0.0001
-0.0003
-0.0022
1.0000
-0.0002
-0.0006
-0.0022
1.0000
-0.0003
-0.0008
-0.0022
1.0000
-0.0003
-0.0009
-0.0020
1.0000
-0.0004
-0.0004
-0.0022
1.0000
0.0007
0.0002
-0.0021
1.0000
0.0007
-0.0010
-0.0009
1.0000
0.0007
-0.0017
0.0000
1.0000
0.0007
-0.0019
0.0006
1.0000
0.0007
-0.0017
0.0007
1.0000
0.0007
-0.0013
0.0003
1.0000
0.0000
-0.0010
-0.0005
1.0000
0.0000
-0.0004
0.0000
0.4860
0.0909
0.1181
0.4984
0.3773
0.7418
-0.2430
1.0000
-0.0001
-0.0001
-0.0024
1.0000
0.0003
-0.0002
-0.0032
1.0000
-0.0004
-0.0012
-0.0073
1.0000
-0.0012
-0.0045
-0.0072
1.0000
-0.0034
-0.0017
-0.0048
1.0000
-0.0018
-0.0030
0.0038
1.0000
-0.0005
-0.0031
0.0061
1.0000
-0.0016
-0.0021
0.0047
1.0000
-0.0017
-0.0019
0.0072
0.9999
0.0001
-0.0025
0.0097
1.0000
-0.0004
-0.0023
0.0064
1.0000
-0.0000
-0.0021
0.0055
1.0000
-0.0000
-0.0015
0.0028
0.3813
0.0604
0.0129
0.5477
-0.4070
0.2337
-0.6927
1.0000
0.0000
-0.0017
-0.0023
1.0000
0.0031
-0.0030
-0.0033
1.0000
0.0032
0.0024
-0.0049
0.9999
-0.0016
0.0090
-0.0070
0.9999
0.0051
0.0100
-0.0081
0.9998
0.0053
0.0193
-0.0095
0.9995
0.0110
0.0300
-0.0044
0.9990
0.0014
0.0453
-0.0068
0.9987
0.0068
0.0494
-0.0061
0.9990
0.0009
0.0442
-0.0109
0.9995
-0.0048
0.0293
-0.0060
0.9998
-0.0002
0.0173
-0.0060
1.0000
0.0000
0.0077
-0.0030
0.2754
-0.0183
-0.0276
0.1943
0.3087
-0.7001
0.6138
1.0000
0.0001
0.0006
0.0058
1.0000
0.0000
0.0006
0.0100
0.9999
-0.0001
0.0005
0.0135
0.9999
-0.0001
0.0004
0.0156
0.9998
-0.0001
0.0002
0.0186
0.9998
-0.0001
0.0000
0.0196
0.9998
-0.0001
-0.0001
0.0193
0.9998
-0.0001
-0.0001
0.0178
0.9999
-0.0001
-0.0002
0.0159
0.9999
0.0001
-0.0002
0.0164
0.9999
-0.0000
-0.0002
0.0104
1.0000
-0.0000
-0.0001
0.0071
1.0000
-0.0000
-0.0000
0.0040
0.2038
-0.0530
0.1295
0.5811
-0.4982
-0.3231
-0.5566
1.0000
0.0000
0.0001
-0.0014
1.0000
-0.0001
0.0002
-0.0027
1.0000
0.0001
0.0004
-0.0089
1.0000
0.0004
0.0003
-0.0099
1.0000
0.0001
0.0005
-0.0062
1.0000
0.0001
0.0004
-0.0072
1.0000
0.0003
0.0001
-0.0080
1.0000
0.0002
0.0004
-0.0040
1.0000
0.0000
0.0003
-0.0021
1.0000
0.0001
0.0001
-0.0062
1.0000
0.0001
-0.0001
-0.0046
1.0000
0.0003
0.0008
-0.0028
1.0000
-0.0000
0.0004
0.0025
0.2793
-0.1102
0.2640
0.1716
0.9394
0.0802
0.2856
1.0000
-0.0005
-0.0005
0.0015
0.9999
0.0002
-0.0009
0.0112
0.9999
0.0001
-0.0011
0.0132
0.9999
-0.0001
-0.0017
0.0160
0.9997
0.0015
-0.0015
0.0258
0.9998
-0.0011
-0.0020
0.0218
0.9996
-0.0003
-0.0023
0.0282
0.9996
-0.0023
-0.0037
0.0280
0.9996
-0.0044
0.0006
0.0286
0.9993
-0.0038
0.0029
0.0367
0.9992
-0.0112
0.0009
0.0388
0.9995
-0.0111
0.0063
0.0277
0.9997
-0.0000
0.0113
0.0211
