0.4122 -0.0192 0.3278
0.4223 -0.0072 0.3327
0.4349 -0.0045 0.3303
0.4459 -0.0055 0.3185
0.4575 -0.0022 0.3151
0.4683 0.0008 0.3108
0.4747 -0.0013 0.2975
0.4801 -0.0040 0.2839
0.4829 -0.0074 0.2712
0.4844 -0.0114 0.2591
0.4840 -0.0156 0.2483
0.4825 -0.0201 0.2381
0.4794 -0.0246 0.2292
0.4754 -0.0292 0.2211
0.4637 -0.0389 0.2080
0.4567 -0.0439 0.2025
0.4522 -0.0400 0.1936
0.4479 -0.0352 0.1844
0.4446 -0.0289 0.1745
0.4415 -0.0216 0.1644
0.4393 -0.0126 0.1537
0.4370 -0.0037 0.1430
0.4354 0.0069 0.1316
0.4399 0.0171 0.1282
0.4447 0.0280 0.1244
0.4497 0.0392 0.1206
0.4548 0.0505 0.1167
0.4595 0.0609 0.1131
0.4643 0.0713 0.1095
0.4753 0.0816 0.1136
0.4860 0.0909 0.1181
0.4830 0.0952 0.1057
0.4870 0.1011 0.1002
0.4747 0.1003 0.0839
0.4720 0.1050 0.0709
0.4649 0.1030 0.0641
0.4619 0.1074 0.0510
0.4549 0.1053 0.0442
0.4368 0.0946 0.0367
0.4299 0.0926 0.0297
0.4231 0.0906 0.0226
0.4119 0.0821 0.0213
0.4026 0.0762 0.0175
0.3919 0.0683 0.0153
0.3813 0.0604 0.0129
0.3803 0.0463 0.0175
0.3793 0.0322 0.0221
0.3721 0.0227 0.0204
0.3647 0.0134 0.0189
0.3626 -0.0014 0.0237
0.3540 -0.0113 0.0219
0.3454 -0.0205 0.0201
0.3323 -0.0224 0.0117
0.3232 -0.0297 0.0091
0.3106 -0.0287 -0.0001
0.3000 -0.0255 -0.0088
0.2914 -0.0295 -0.0120
0.2829 -0.0242 -0.0200
0.2754 -0.0183 -0.0276
0.2601 -0.0223 -0.0140
0.2515 -0.0244 -0.0078
0.2436 -0.0263 -0.0012
0.2372 -0.0283 0.0063
0.2255 -0.0322 0.0220
0.2201 -0.0342 0.0303
0.2159 -0.0363 0.0396
0.2129 -0.0384 0.0501
0.2101 -0.0406 0.0613
0.2005 -0.0448 0.0797
0.2064 -0.0453 0.0864
0.2053 -0.0478 0.1003
0.2040 -0.0504 0.1141
0.2038 -0.0530 0.1295
0.2059 -0.0569 0.1407
0.2079 -0.0609 0.1519
0.2003 -0.0638 0.1659
0.2022 -0.0681 0.1782
0.2135 -0.0732 0.1877
0.2150 -0.0774 0.1999
0.2162 -0.0812 0.2113
0.2270 -0.0865 0.2212
0.2376 -0.0911 0.2294
0.2384 -0.0946 0.2398
0.2487 -0.0989 0.2472
0.2591 -0.1039 0.2566
0.2689 -0.1055 0.2556
0.2793 -0.1102 0.2640
0.2957 -0.1052 0.2742
0.3045 -0.1121 0.2830
0.3128 -0.1098 0.2882
0.3210 -0.1078 0.2935
0.3376 -0.1045 0.3040
0.3466 -0.0938 0.3064
0.3547 -0.0930 0.3122
0.3640 -0.0830 0.3160
0.3733 -0.0733 0.3207
0.3816 -0.0689 0.3272
0.3917 -0.0597 0.3331
0.3948 -0.0479 0.3338
0.3981 -0.0363 0.3350
