0.1522
-0.0694
-0.0523
-0.0793
-0.6673
-0.7291
-0.1295
0.9987
-0.0363
-0.0339
-0.0142
0.9985
-0.0450
-0.0185
0.0269
0.9951
-0.0214
-0.0794
0.0545
0.9971
-0.0173
-0.0695
0.0244
0.9980
-0.0404
-0.0416
0.0260
0.9923
-0.0390
-0.0923
0.0730
0.9915
-0.0459
-0.0938
0.0778
0.9926
-0.0569
-0.0793
0.0729
0.9941
-0.0646
-0.0577
0.0656
0.9948
-0.0630
-0.0424
0.0684
0.9961
-0.0489
-0.0182
0.0715
0.9979
-0.0313
0.0169
0.0546
0.9990
-0.0100
0.0353
0.0268
0.9995
-0.0007
0.0224
0.0199
0.2318
-0.1099
-0.0341
0.2181
-0.0758
0.9336
0.2741
0.9992
-0.0006
0.0254
0.0318
0.9986
-0.0007
0.0225
0.0472
0.9963
-0.0016
0.0215
0.0828
0.9918
0.0086
0.0440
0.1195
0.9905
0.0242
0.0627
0.1203
0.9939
0.0585
0.0635
0.0680
0.9947
0.1020
-0.0127
0.0086
0.9929
0.0985
-0.0580
0.0335
0.9924
0.0814
-0.0867
0.0327
0.9949
0.0544
-0.0838
0.0128
0.9967
0.0310
-0.0726
-0.0171
0.9975
0.0198
-0.0533
-0.0418
0.9984
-0.0051
-0.0315
-0.0473
0.9997
-0.0017
-0.0122
-0.0217
0.1720
0.0210
-0.0141
0.3424
0.9162
0.0305
-0.2060
0.9981
-0.0113
-0.0091
-0.0593
0.9998
0.0005
-0.0135
0.0159
0.9938
0.0001
-0.0017
-0.1114
0.9981
-0.0105
0.0173
-0.0584
0.9948
0.0302
0.0346
-0.0909
0.9985
-0.0014
0.0527
0.0176
0.9990
-0.0113
0.0318
0.0307
0.9984
0.0176
0.0512
-0.0183
0.9966
0.0230
0.0745
0.0264
0.9915
-0.0220
0.0731
0.1055
0.9985
-0.0001
0.0462
0.0283
0.9999
-0.0004
0.0080
0.0152
0.9999
-0.0000
-0.0030
-0.0116
0.2280
0.1360
-0.0789
-0.7724
-0.4417
0.3492
-0.2938
0.9995
-0.0012
-0.0227
-0.0226
0.9972
0.0310
-0.0534
-0.0410
0.9972
0.0311
0.0379
-0.0561
0.9936
0.0007
0.0948
-0.0613
0.9989
0.0347
0.0210
-0.0244
0.9983
0.0408
0.0400
-0.0064
0.9980
0.0365
0.0444
0.0259
0.9953
0.0461
0.0852
-0.0000
0.9969
0.0391
0.0649
0.0231
0.9961
0.0341
0.0815
-0.0038
0.9967
0.0019
0.0753
-0.0310
0.9993
0.0126
-0.0274
-0.0200
0.9994
0.0039
-0.0331
-0.0083
0.2810
0.2479
-0.0708
0.2452
0.3409
0.8264
-0.3752
0.9970
-0.0001
-0.0151
-0.0753
0.9978
0.0076
-0.0244
-0.0606
0.9988
0.0238
-0.0233
-0.0372
0.9985
0.0371
-0.0119
-0.0379
0.9982
0.0433
-0.0136
-0.0387
0.9993
0.0380
0.0037
-0.0053
0.9995
0.0191
0.0217
0.0141
0.9998
-0.0018
0.0213
0.0037
0.9997
-0.0138
-0.0004
-0.0193
0.9972
0.0367
-0.0332
0.0554
0.9981
-0.0043
-0.0541
-0.0300
0.9989
-0.0027
-0.0459
-0.0024
0.9993
0.0004
-0.0352
0.0144
0.1282
0.2151
-0.0716
0.3381
0.4525
-0.7719
0.2915
0.9999
0.0009
0.0121
-0.0034
0.9997
-0.0063
0.0143
0.0164
0.9875
0.0066
0.0061
-0.1574
0.9870
0.0039
-0.0277
-0.1581
0.9973
0.0548
-0.0435
0.0216
0.9947
0.0654
-0.0761
-0.0207
0.9888
-0.0069
-0.1262
-0.0796
0.9895
-0.0121
-0.1415
-0.0287
0.9914
0.0836
-0.0987
0.0191
0.9911
0.0016
-0.1109
-0.0738
0.9970
0.0080
-0.0637
-0.0425
0.9977
0.0018
-0.0081
-0.0666
0.9992
-0.0016
0.0050
0.0393
0.1086
0.0793
-0.0176
0.6581
0.3766
-0.5979
-0.2601
0.9966
-0.0098
-0.0082
-0.0819
0.9994
-0.0111
-0.0054
-0.0315
0.9978
-0.0115
-0.0060
-0.0645
0.9967
-0.0111
-0.0125
-0.0793
0.9999
-0.0093
-0.0086
-0.0087
0.9996
-0.0068
0.0042
-0.0277
0.9996
-0.0096
-0.0061
0.0276
0.9995
-0.0115
0.0188
0.0244
0.9983
0.0032
0.0488
0.0303
0.9950
-0.0124
0.0582
0.0798
0.9912
-0.0612
0.0487
0.1072
0.9943
-0.0467
0.0617
0.0728
0.9950
-0.0061
0.0775
0.0627
