0.1520 -0.0693 -0.0524
0.1505 -0.0530 -0.0514
0.1590 -0.0432 -0.0489
0.1747 -0.0403 -0.0507
0.1843 -0.0323 -0.0518
0.1939 -0.0257 -0.0546
0.2073 -0.0292 -0.0600
0.2193 -0.0359 -0.0656
0.2275 -0.0456 -0.0700
0.2330 -0.0569 -0.0727
0.2354 -0.0683 -0.0729
0.2361 -0.0793 -0.0709
0.2354 -0.0886 -0.0664
0.2347 -0.0968 -0.0602
0.2332 -0.1089 -0.0444
0.2318 -0.1098 -0.0344
0.2222 -0.1100 -0.0392
0.2117 -0.1092 -0.0430
0.2001 -0.1061 -0.0453
0.1884 -0.1009 -0.0454
0.1775 -0.0926 -0.0416
0.1688 -0.0839 -0.0347
0.1622 -0.0742 -0.0244
0.1652 -0.0652 -0.0175
0.1687 -0.0547 -0.0116
0.1715 -0.0429 -0.0075
0.1732 -0.0303 -0.0051
0.1731 -0.0184 -0.0035
0.1714 -0.0066 -0.0019
0.1727 0.0075 -0.0084
0.1719 0.0204 -0.0141
0.1841 0.0193 -0.0197
0.1914 0.0140 -0.0190
0.2037 0.0212 -0.0336
0.2151 0.0223 -0.0419
0.2169 0.0291 -0.0490
0.2266 0.0344 -0.0578
0.2278 0.0428 -0.0631
0.2225 0.0632 -0.0708
0.2245 0.0721 -0.0748
0.2275 0.0813 -0.0775
0.2251 0.0952 -0.0765
0.2268 0.1067 -0.0760
0.2268 0.1201 -0.0744
0.2274 0.1363 -0.0766
0.2365 0.1385 -0.0650
0.2458 0.1398 -0.0535
0.2547 0.1464 -0.0490
0.2642 0.1531 -0.0461
0.2780 0.1546 -0.0389
0.2882 0.1630 -0.0391
0.2976 0.1716 -0.0399
0.2989 0.1860 -0.0458
0.3055 0.1958 -0.0480
0.3019 0.2101 -0.0531
0.2953 0.2218 -0.0577
0.2968 0.2309 -0.0616
0.2886 0.2396 -0.0662
0.2807 0.2474 -0.0708
0.2673 0.2554 -0.0846
0.2599 0.2589 -0.0916
0.2514 0.2608 -0.0974
0.2422 0.2607 -0.1014
0.2231 0.2583 -0.1067
0.2134 0.2561 -0.1079
0.2034 0.2531 -0.1071
0.1929 0.2501 -0.1046
0.1821 0.2473 -0.1011
0.1617 0.2427 -0.0981
0.1596 0.2397 -0.0899
0.1488 0.2331 -0.0836
0.1385 0.2253 -0.0777
0.1277 0.2152 -0.0717
0.1235 0.2091 -0.0622
0.1193 0.2033 -0.0525
0.1236 0.1933 -0.0405
0.1227 0.1861 -0.0295
0.1160 0.1789 -0.0173
0.1183 0.1700 -0.0082
0.1207 0.1605 -0.0012
0.1156 0.1468 0.0044
0.1110 0.1335 0.0055
0.1157 0.1236 0.0053
0.1133 0.1113 0.0002
0.1137 0.0980 -0.0064
0.1078 0.0919 -0.0117
0.1084 0.0793 -0.0174
0.1115 0.0634 -0.0056
0.1121 0.0591 0.0078
0.1134 0.0500 0.0118
0.1148 0.0404 0.0145
0.1168 0.0207 0.0169
0.1171 0.0097 0.0079
0.1185 -0.0002 0.0084
0.1195 -0.0111 -0.0006
0.1218 -0.0223 -0.0091
0.1260 -0.0324 -0.0120
0.1321 -0.0442 -0.0188
0.1377 -0.0488 -0.0286
0.1451 -0.0535 -0.0371
