0.3260
-0.0525
0.0232
0.8961
-0.2945
-0.1633
0.2893
1.0000
0.0002
0.0001
-0.0000
1.0000
0.0001
-0.0001
-0.0001
1.0000
0.0002
-0.0001
-0.0000
1.0000
0.0002
-0.0001
-0.0001
1.0000
0.0001
-0.0002
-0.0001
1.0000
0.0001
-0.0002
-0.0001
1.0000
0.0000
-0.0001
-0.0001
1.0000
0.0000
-0.0001
-0.0001
1.0000
0.0000
-0.0001
-0.0001
1.0000
0.0000
-0.0000
-0.0001
1.0000
0.0000
-0.0000
-0.0001
1.0000
0.0000
0.0000
-0.0001
1.0000
0.0000
0.0000
-0.0001
1.0000
-0.0000
0.0000
-0.0000
0.2450
0.0816
-0.0003
-0.1712
0.0759
-0.0617
0.9804
1.0000
-0.0000
-0.0000
0.0000
1.0000
0.0000
-0.0000
0.0001
1.0000
-0.0000
-0.0000
0.0002
1.0000
-0.0000
-0.0000
0.0003
1.0000
-0.0000
-0.0000
0.0003
1.0000
-0.0000
-0.0001
0.0004
1.0000
-0.0000
-0.0001
0.0005
1.0000
-0.0000
-0.0001
0.0005
1.0000
-0.0000
-0.0001
0.0005
1.0000
-0.0000
-0.0000
0.0005
1.0000
-0.0000
-0.0000
0.0004
1.0000
-0.0000
-0.0000
0.0004
1.0000
-0.0000
-0.0000
0.0003
1.0000
0.0000
-0.0000
0.0001
0.1920
-0.0698
0.0077
0.1347
0.9360
-0.3251
-0.0036
1.0000
0.0000
0.0000
0.0001
1.0000
-0.0000
0.0000
0.0001
1.0000
0.0000
0.0000
0.0003
1.0000
-0.0000
0.0000
0.0005
1.0000
0.0000
0.0000
0.0006
1.0000
-0.0000
0.0000
0.0008
1.0000
-0.0000
0.0000
0.0007
1.0000
-0.0000
-0.0000
0.0006
1.0000
-0.0000
-0.0000
0.0005
1.0000
0.0000
-0.0000
0.0004
1.0000
-0.0000
-0.0000
0.0004
1.0000
-0.0000
-0.0000
0.0003
1.0000
0.0000
-0.0000
0.0002
0.3412
-0.0611
-0.0092
0.5694
0.6822
0.3698
0.2715
1.0000
0.0000
0.0002
0.0001
1.0000
-0.0002
0.0004
0.0002
1.0000
-0.0002
0.0005
0.0003
1.0000
0.0003
0.0006
0.0005
1.0000
0.0000
0.0006
0.0004
1.0000
0.0000
0.0005
0.0002
1.0000
-0.0000
0.0004
0.0001
1.0000
-0.0000
0.0003
0.0000
1.0000
-0.0000
0.0002
-0.0000
1.0000
0.0000
0.0001
-0.0000
1.0000
-0.0000
0.0001
-0.0000
1.0000
-0.0000
0.0001
-0.0000
1.0000
-0.0000
0.0000
-0.0000
0.3050
0.0894
0.0105
0.0703
0.0699
0.9884
-0.1147
1.0000
0.0000
0.0000
0.0000
1.0000
0.0000
0.0000
0.0000
1.0000
-0.0000
0.0000
0.0000
1.0000
-0.0000
0.0000
0.0000
1.0000
-0.0000
0.0000
0.0000
1.0000
-0.0000
-0.0000
0.0000
1.0000
-0.0000
-0.0000
0.0000
1.0000
-0.0000
-0.0000
0.0000
1.0000
-0.0000
-0.0000
-0.0000
1.0000
0.0000
-0.0000
-0.0000
1.0000
-0.0000
-0.0000
-0.0000
1.0000
-0.0000
-0.0000
-0.0000
1.0000
-0.0000
0.0000
-0.0000
0.1542
0.0168
0.0090
-0.6610
-0.1707
0.1097
0.7225
1.0000
0.0000
0.0000
0.0000
1.0000
-0.0000
0.0000
0.0000
1.0000
0.0000
0.0000
-0.0001
1.0000
0.0000
0.0000
-0.0001
1.0000
0.0000
0.0000
-0.0000
1.0000
0.0000
0.0000
-0.0000
1.0000
0.0000
0.0000
-0.0000
1.0000
0.0000
-0.0000
0.0000
1.0000
0.0000
-0.0000
0.0001
1.0000
0.0000
-0.0000
-0.0000
1.0000
0.0000
-0.0000
-0.0001
1.0000
-0.0000
-0.0000
-0.0001
1.0000
-0.0000
-0.0000
-0.0001
0.1990
-0.1382
0.0168
-0.1646
0.9827
0.0218
-0.0823
1.0000
-0.0000
-0.0000
-0.0002
1.0000
0.0000
-0.0001
-0.0001
1.0000
0.0000
-0.0001
0.0000
1.0000
0.0000
-0.0001
0.0001
1.0000
0.0001
-0.0001
0.0003
1.0000
0.0000
-0.0002
0.0001
1.0000
0.0001
-0.0001
0.0002
1.0000
0.0001
-0.0001
0.0001
1.0000
0.0001
-0.0001
0.0000
1.0000
0.0001
0.0000
0.0001
1.0000
0.0000
0.0001
0.0001
1.0000
0.0000
0.0002
0.0000
1.0000
-0.0000
0.0002
-0.0000
