0.3260 -0.0525 0.0232
0.3387 -0.0425 0.0252
0.3415 -0.0306 0.0202
0.3346 -0.0167 0.0160
0.3373 -0.0051 0.0123
0.3400 0.0062 0.0092
0.3328 0.0190 0.0070
0.3256 0.0318 0.0047
0.3179 0.0427 0.0029
0.3100 0.0527 0.0013
0.3017 0.0607 0.0001
0.2931 0.0678 -0.0009
0.2841 0.0731 -0.0013
0.2748 0.0773 -0.0015
0.2552 0.0811 -0.0009
0.2450 0.0816 -0.0003
0.2350 0.0779 0.0011
0.2249 0.0732 0.0024
0.2149 0.0665 0.0039
0.2047 0.0588 0.0053
0.1946 0.0490 0.0067
0.1844 0.0393 0.0082
0.1742 0.0276 0.0096
0.1739 0.0159 0.0097
0.1737 0.0034 0.0098
0.1734 -0.0094 0.0099
0.1731 -0.0224 0.0100
0.1729 -0.0344 0.0101
0.1726 -0.0464 0.0102
0.1823 -0.0586 0.0090
0.1920 -0.0698 0.0077
0.2026 -0.0780 0.0088
0.2033 -0.0867 0.0110
0.2235 -0.0896 0.0098
0.2342 -0.0988 0.0111
0.2441 -0.0983 0.0100
0.2547 -0.1075 0.0114
0.2647 -0.1070 0.0103
0.2838 -0.0965 0.0057
0.2938 -0.0960 0.0046
0.3037 -0.0956 0.0035
0.3130 -0.0855 -0.0000
0.3225 -0.0793 -0.0026
0.3319 -0.0702 -0.0059
0.3412 -0.0611 -0.0092
0.3498 -0.0490 -0.0100
0.3584 -0.0370 -0.0106
0.3572 -0.0251 -0.0094
0.3559 -0.0132 -0.0082
0.3644 -0.0001 -0.0088
0.3630 0.0129 -0.0075
0.3616 0.0256 -0.0061
0.3505 0.0362 -0.0030
0.3492 0.0481 -0.0018
0.3381 0.0586 0.0013
0.3273 0.0672 0.0042
0.3262 0.0771 0.0052
0.3155 0.0837 0.0079
0.3050 0.0894 0.0105
0.2845 0.0919 0.0072
0.2742 0.0942 0.0054
0.2639 0.0954 0.0038
0.2540 0.0948 0.0026
0.2343 0.0916 0.0009
0.2246 0.0890 0.0003
0.2152 0.0846 0.0002
0.2060 0.0782 0.0006
0.1970 0.0708 0.0012
0.1782 0.0609 0.0013
0.1794 0.0523 0.0036
0.1709 0.0411 0.0052
0.1624 0.0299 0.0069
0.1542 0.0168 0.0090
0.1534 0.0049 0.0078
0.1526 -0.0071 0.0066
0.1425 -0.0187 0.0015
0.1416 -0.0318 0.0001
0.1500 -0.0447 0.0027
0.1491 -0.0576 0.0014
0.1483 -0.0695 0.0002
0.1566 -0.0824 0.0028
0.1651 -0.0934 0.0056
0.1644 -0.1043 0.0045
0.1729 -0.1143 0.0074
0.1814 -0.1262 0.0102
0.1905 -0.1272 0.0140
0.1990 -0.1382 0.0168
0.2187 -0.1368 0.0137
0.2288 -0.1455 0.0089
0.2386 -0.1448 0.0074
0.2485 -0.1441 0.0059
0.2682 -0.1427 0.0027
0.2779 -0.1325 0.0044
0.2878 -0.1319 0.0031
0.2976 -0.1220 0.0055
0.3075 -0.1123 0.0085
0.3176 -0.1075 0.0104
0.3276 -0.0970 0.0140
0.3278 -0.0863 0.0198
0.3280 -0.0756 0.0256
