0.1414
-0.1516
0.0627
0.8903
-0.0484
0.3166
-0.3236
1.0000
0.0013
0.0015
-0.0051
1.0000
0.0004
0.0023
-0.0058
1.0000
0.0004
0.0017
-0.0027
1.0000
0.0002
0.0025
-0.0030
1.0000
0.0007
0.0028
-0.0034
1.0000
0.0007
0.0015
-0.0006
1.0000
-0.0007
0.0011
0.0021
1.0000
-0.0006
0.0018
0.0002
1.0000
-0.0004
0.0023
-0.0012
1.0000
-0.0003
0.0025
-0.0019
1.0000
-0.0002
0.0025
-0.0024
1.0000
-0.0001
0.0022
-0.0024
1.0000
-0.0000
0.0018
-0.0022
1.0000
-0.0000
0.0006
-0.0008
0.2764
-0.0647
0.0693
0.7773
-0.3608
0.0408
0.5137
1.0000
-0.0000
-0.0002
0.0003
1.0000
-0.0000
-0.0002
0.0006
1.0000
-0.0000
-0.0003
0.0008
1.0000
-0.0001
-0.0003
0.0009
1.0000
-0.0001
-0.0002
0.0009
1.0000
-0.0001
-0.0002
0.0008
1.0000
-0.0001
-0.0000
0.0006
1.0000
-0.0001
-0.0000
0.0008
1.0000
-0.0001
-0.0000
0.0008
1.0000
-0.0001
0.0000
0.0008
1.0000
-0.0001
0.0000
0.0007
1.0000
-0.0001
0.0000
0.0005
1.0000
-0.0000
0.0001
0.0003
1.0000
-0.0000
0.0000
0.0002
0.2179
0.0476
-0.0291
0.0487
0.7286
-0.6679
0.1436
1.0000
0.0000
0.0000
-0.0003
1.0000
-0.0000
0.0000
-0.0003
1.0000
0.0000
0.0000
-0.0004
1.0000
-0.0000
0.0000
-0.0003
1.0000
-0.0000
0.0000
-0.0002
1.0000
-0.0000
0.0000
0.0000
1.0000
-0.0000
-0.0000
-0.0001
1.0000
-0.0000
-0.0000
-0.0000
1.0000
-0.0000
-0.0000
-0.0000
1.0000
0.0000
-0.0000
-0.0000
1.0000
-0.0000
-0.0000
0.0000
1.0000
-0.0000
-0.0000
0.0001
1.0000
-0.0000
-0.0000
0.0000
0.3259
-0.0473
0.0133
0.6000
0.4733
0.5676
0.3062
1.0000
0.0000
0.0002
0.0001
1.0000
-0.0002
0.0003
0.0002
1.0000
-0.0002
0.0005
0.0004
1.0000
0.0002
0.0006
0.0006
1.0000
-0.0000
0.0005
0.0004
1.0000
-0.0000
0.0004
0.0002
1.0000
-0.0000
0.0003
0.0000
1.0000
-0.0001
0.0003
-0.0000
1.0000
-0.0000
0.0002
-0.0001
1.0000
-0.0000
0.0001
-0.0001
1.0000
-0.0001
0.0001
-0.0001
1.0000
-0.0000
0.0001
-0.0001
1.0000
-0.0000
0.0000
-0.0001
0.2270
0.0702
-0.0146
-0.3687
0.0638
0.6428
0.6684
1.0000
-0.0000
-0.0000
0.0001
1.0000
-0.0000
-0.0000
0.0001
1.0000
0.0000
-0.0000
0.0003
1.0000
-0.0000
0.0000
0.0004
1.0000
-0.0000
0.0000
0.0006
1.0000
-0.0000
0.0000
0.0007
1.0000
-0.0000
0.0000
0.0008
1.0000
-0.0000
0.0000
0.0008
1.0000
-0.0000
-0.0000
0.0009
1.0000
0.0000
-0.0000
0.0010
1.0000
-0.0000
-0.0000
0.0008
1.0000
-0.0000
-0.0000
0.0007
1.0000
0.0000
-0.0000
0.0004
0.0731
0.0035
-0.0112
-0.1490
-0.6121
0.6667
-0.3983
1.0000
0.0000
0.0001
0.0004
1.0000
-0.0001
0.0002
0.0008
1.0000
0.0001
0.0003
0.0017
1.0000
0.0003
0.0003
0.0024
1.0000
0.0001
0.0004
0.0026
1.0000
0.0001
0.0004
0.0035
1.0000
0.0003
0.0002
0.0044
1.0000
0.0002
0.0005
0.0058
1.0000
-0.0001
0.0004
0.0051
1.0000
0.0001
0.0003
0.0028
1.0000
0.0001
0.0001
0.0021
1.0000
0.0005
0.0011
0.0021
1.0000
-0.0000
0.0006
0.0039
-0.0171
-0.1024
0.0673
0.0076
0.9407
-0.3390
-0.0118
1.0000
-0.0001
-0.0001
0.0037
0.9999
0.0001
-0.0003
0.0105
0.9999
-0.0000
-0.0004
0.0123
0.9999
0.0002
-0.0005
0.0140
0.9999
0.0008
-0.0004
0.0171
0.9999
-0.0006
-0.0008
0.0148
0.9999
-0.0002
-0.0012
0.0162
0.9999
-0.0017
-0.0034
0.0160
0.9999
-0.0033
-0.0007
0.0159
0.9998
-0.0027
0.0002
0.0194
0.9998
-0.0054
-0.0009
0.0192
0.9999
-0.0054
0.0016
0.0135
0.9999
-0.0000
0.0037
0.0100
