0.1414 -0.1516 0.0627
0.1510 -0.1616 0.0540
0.1616 -0.1594 0.0464
0.1748 -0.1504 0.0453
0.1853 -0.1493 0.0385
0.1956 -0.1486 0.0323
0.2082 -0.1408 0.0326
0.2209 -0.1331 0.0329
0.2319 -0.1254 0.0343
0.2419 -0.1176 0.0360
0.2503 -0.1100 0.0387
0.2578 -0.1023 0.0419
0.2637 -0.0948 0.0461
0.2687 -0.0872 0.0507
0.2747 -0.0722 0.0626
0.2764 -0.0647 0.0693
0.2815 -0.0564 0.0646
0.2859 -0.0477 0.0593
0.2890 -0.0377 0.0530
0.2916 -0.0272 0.0460
0.2928 -0.0157 0.0379
0.2940 -0.0042 0.0298
0.2940 0.0084 0.0206
0.2866 0.0147 0.0140
0.2788 0.0214 0.0070
0.2707 0.0282 -0.0002
0.2625 0.0351 -0.0076
0.2549 0.0415 -0.0143
0.2473 0.0479 -0.0211
0.2322 0.0480 -0.0253
0.2179 0.0476 -0.0291
0.2188 0.0347 -0.0254
0.2126 0.0282 -0.0245
0.2240 0.0125 -0.0184
0.2242 -0.0011 -0.0147
0.2314 -0.0076 -0.0118
0.2316 -0.0212 -0.0080
0.2387 -0.0276 -0.0052
0.2598 -0.0332 -0.0004
0.2670 -0.0397 0.0024
0.2741 -0.0461 0.0053
0.2881 -0.0453 0.0072
0.2993 -0.0474 0.0094
0.3126 -0.0473 0.0114
0.3259 -0.0473 0.0133
0.3284 -0.0338 0.0075
0.3310 -0.0203 0.0018
0.3246 -0.0105 -0.0009
0.3182 -0.0007 -0.0036
0.3202 0.0136 -0.0096
0.3131 0.0244 -0.0126
0.3063 0.0348 -0.0154
0.2916 0.0401 -0.0148
0.2852 0.0499 -0.0174
0.2706 0.0552 -0.0168
0.2569 0.0588 -0.0157
0.2516 0.0670 -0.0179
0.2390 0.0690 -0.0164
0.2270 0.0702 -0.0146
0.2120 0.0616 -0.0029
0.2048 0.0573 0.0039
0.1973 0.0530 0.0097
0.1891 0.0487 0.0137
0.1720 0.0403 0.0197
0.1631 0.0361 0.0219
0.1536 0.0319 0.0221
0.1433 0.0278 0.0205
0.1327 0.0237 0.0180
0.1132 0.0154 0.0176
0.1100 0.0156 0.0092
0.0979 0.0116 0.0030
0.0859 0.0075 -0.0032
0.0731 0.0035 -0.0112
0.0706 -0.0048 -0.0030
0.0681 -0.0133 0.0053
0.0748 -0.0215 0.0175
0.0720 -0.0307 0.0266
0.0601 -0.0396 0.0312
0.0572 -0.0487 0.0401
0.0545 -0.0570 0.0483
0.0423 -0.0658 0.0527
0.0306 -0.0732 0.0556
0.0278 -0.0808 0.0630
0.0162 -0.0873 0.0652
0.0041 -0.0952 0.0686
-0.0051 -0.0954 0.0647
-0.0171 -0.1024 0.0673
-0.0017 -0.1152 0.0670
-0.0005 -0.1293 0.0670
0.0070 -0.1359 0.0669
0.0144 -0.1427 0.0668
0.0287 -0.1566 0.0663
0.0428 -0.1569 0.0658
0.0495 -0.1644 0.0659
0.0637 -0.1655 0.0662
0.0777 -0.1672 0.0671
0.0878 -0.1722 0.0686
0.1026 -0.1743 0.0697
0.1128 -0.1680 0.0713
0.1232 -0.1619 0.0730
