0.3304
0.2090
0.0270
-0.9533
0.2185
0.0343
0.2058
1.0000
-0.0017
-0.0015
-0.0042
1.0000
-0.0019
-0.0018
0.0030
0.9998
-0.0030
-0.0085
0.0176
0.9997
0.0013
-0.0073
0.0218
0.9999
0.0005
-0.0072
0.0140
0.9999
0.0006
-0.0067
0.0077
1.0000
0.0001
-0.0070
0.0031
1.0000
-0.0010
-0.0075
0.0011
1.0000
-0.0021
-0.0090
0.0011
1.0000
-0.0007
-0.0068
0.0003
1.0000
-0.0013
-0.0021
-0.0003
1.0000
-0.0013
0.0007
0.0004
1.0000
-0.0007
0.0024
0.0019
1.0000
0.0000
0.0017
0.0080
0.3830
0.3491
0.0480
0.4688
0.2835
-0.1399
0.8248
1.0000
0.0006
0.0069
-0.0049
1.0000
0.0014
0.0056
-0.0044
1.0000
0.0004
0.0043
-0.0065
1.0000
0.0008
0.0037
-0.0093
0.9999
0.0008
0.0024
-0.0120
0.9999
-0.0000
0.0030
-0.0161
0.9998
0.0004
0.0031
-0.0214
0.9998
-0.0001
0.0010
-0.0187
0.9999
-0.0007
-0.0032
-0.0165
1.0000
0.0020
-0.0046
-0.0086
1.0000
0.0016
-0.0047
-0.0031
1.0000
0.0015
-0.0068
0.0022
0.9999
-0.0053
-0.0097
0.0081
1.0000
-0.0000
-0.0069
0.0048
0.2405
0.3718
0.1362
-0.5644
-0.0847
-0.4164
0.7077
1.0000
-0.0020
-0.0018
-0.0057
1.0000
-0.0010
-0.0036
0.0004
1.0000
-0.0020
-0.0012
-0.0032
1.0000
-0.0009
-0.0019
0.0021
1.0000
-0.0018
-0.0006
0.0001
1.0000
-0.0010
-0.0015
0.0056
1.0000
-0.0003
-0.0016
0.0041
1.0000
-0.0007
-0.0009
-0.0033
1.0000
-0.0007
-0.0008
-0.0033
1.0000
0.0000
-0.0010
-0.0025
1.0000
-0.0001
-0.0006
-0.0044
1.0000
0.0000
-0.0002
-0.0035
1.0000
-0.0000
0.0001
-0.0024
0.1147
0.2911
0.1252
0.0414
0.2045
-0.5839
-0.7846
1.0000
-0.0001
-0.0080
0.0005
0.9998
-0.0005
-0.0175
0.0005
0.9999
-0.0005
-0.0166
0.0006
0.9999
0.0001
-0.0161
0.0009
0.9995
-0.0004
-0.0302
0.0006
0.9995
-0.0004
-0.0324
0.0007
0.9994
-0.0013
-0.0355
0.0008
0.9997
0.0011
-0.0234
0.0030
0.9996
-0.0022
-0.0281
0.0047
0.9998
-0.0017
-0.0183
0.0075
0.9999
0.0020
-0.0098
0.0039
0.9998
-0.0001
-0.0181
0.0027
1.0000
-0.0000
-0.0093
0.0009
0.0225
0.1612
0.0679
-0.7664
-0.4704
0.4291
0.0847
0.9998
-0.0006
-0.0070
-0.0205
0.9995
0.0003
-0.0107
-0.0302
0.9990
0.0030
-0.0142
-0.0419
0.9988
-0.0049
-0.0086
-0.0490
0.9993
-0.0041
-0.0066
-0.0366
0.9995
-0.0029
-0.0063
-0.0308
0.9997
-0.0018
-0.0058
-0.0250
0.9998
-0.0013
-0.0051
-0.0196
0.9999
-0.0020
-0.0040
-0.0150
1.0000
0.0020
-0.0028
-0.0077
1.0000
-0.0002
-0.0030
-0.0073
1.0000
-0.0001
-0.0023
-0.0045
1.0000
-0.0000
-0.0014
-0.0021
0.0980
0.0426
0.0223
-0.9806
-0.0986
-0.0904
0.1430
1.0000
0.0000
-0.0003
-0.0000
1.0000
0.0002
-0.0003
0.0005
1.0000
0.0002
-0.0001
-0.0025
1.0000
0.0004
0.0002
-0.0014
1.0000
-0.0006
0.0013
0.0043
1.0000
-0.0006
0.0026
0.0057
1.0000
0.0021
0.0037
0.0072
1.0000
0.0007
0.0037
0.0066
1.0000
-0.0011
0.0019
0.0055
1.0000
0.0000
0.0016
-0.0008
1.0000
-0.0001
0.0008
-0.0014
1.0000
0.0001
0.0003
-0.0031
1.0000
0.0000
0.0002
0.0011
0.2554
0.0633
0.0004
-0.7265
0.1394
0.1375
-0.6587
1.0000
-0.0002
-0.0002
0.0018
1.0000
-0.0002
-0.0001
0.0081
1.0000
-0.0003
0.0004
0.0092
0.9999
-0.0001
0.0009
0.0105
0.9999
-0.0011
0.0010
0.0152
0.9999
-0.0008
0.0016
0.0138
0.9998
-0.0022
0.0004
0.0180
0.9998
-0.0030
0.0003
0.0175
0.9998
-0.0039
0.0017
0.0172
0.9998
-0.0036
0.0011
0.0205
0.9998
-0.0060
-0.0020
0.0205
0.9999
-0.0061
-0.0005
0.0149
0.9999
0.0001
0.0016
0.0112
