0.3304 0.2090 0.0270
0.3454 0.2028 0.0296
0.3575 0.2073 0.0271
0.3659 0.2210 0.0270
0.3775 0.2257 0.0258
0.3884 0.2307 0.0251
0.3940 0.2444 0.0267
0.3994 0.2581 0.0285
0.4028 0.2710 0.0304
0.4052 0.2834 0.0324
0.4058 0.2949 0.0346
0.4054 0.3058 0.0369
0.4032 0.3157 0.0393
0.4002 0.3252 0.0416
0.3897 0.3417 0.0460
0.3830 0.3491 0.0480
0.3787 0.3566 0.0545
0.3735 0.3640 0.0611
0.3666 0.3709 0.0684
0.3589 0.3778 0.0759
0.3494 0.3844 0.0840
0.3401 0.3913 0.0922
0.3294 0.3983 0.1011
0.3187 0.3968 0.1057
0.3073 0.3956 0.1107
0.2958 0.3947 0.1162
0.2842 0.3940 0.1220
0.2735 0.3932 0.1274
0.2629 0.3924 0.1330
0.2513 0.3821 0.1347
0.2405 0.3718 0.1362
0.2358 0.3620 0.1282
0.2395 0.3574 0.1214
0.2243 0.3447 0.1165
0.2199 0.3343 0.1080
0.2115 0.3289 0.1071
0.2071 0.3185 0.0987
0.1988 0.3130 0.0978
0.1781 0.3069 0.1035
0.1698 0.3014 0.1026
0.1615 0.2959 0.1018
0.1491 0.2954 0.1087
0.1384 0.2930 0.1126
0.1266 0.2921 0.1189
0.1147 0.2911 0.1252
0.1011 0.2866 0.1212
0.0875 0.2823 0.1173
0.0818 0.2726 0.1130
0.0758 0.2631 0.1087
0.0611 0.2594 0.1049
0.0535 0.2497 0.1002
0.0455 0.2407 0.0958
0.0444 0.2260 0.0908
0.0358 0.2185 0.0869
0.0332 0.2040 0.0819
0.0315 0.1906 0.0776
0.0236 0.1852 0.0749
0.0227 0.1729 0.0713
0.0225 0.1611 0.0679
0.0353 0.1500 0.0800
0.0417 0.1445 0.0866
0.0482 0.1381 0.0918
0.0545 0.1307 0.0944
0.0667 0.1149 0.0957
0.0725 0.1068 0.0947
0.0777 0.0985 0.0911
0.0821 0.0901 0.0852
0.0861 0.0819 0.0779
0.0948 0.0655 0.0677
0.0922 0.0659 0.0590
0.0945 0.0581 0.0475
0.0966 0.0503 0.0359
0.0980 0.0426 0.0223
0.1093 0.0394 0.0198
0.1207 0.0363 0.0174
0.1297 0.0235 0.0131
0.1421 0.0200 0.0104
0.1565 0.0261 0.0096
0.1687 0.0228 0.0069
0.1801 0.0198 0.0044
0.1942 0.0264 0.0035
0.2063 0.0338 0.0030
0.2168 0.0315 0.0005
0.2278 0.0391 0.0002
0.2408 0.0463 -0.0006
0.2434 0.0559 0.0010
0.2554 0.0633 0.0004
0.2573 0.0832 0.0007
0.2490 0.0940 -0.0030
0.2498 0.1040 -0.0029
0.2504 0.1140 -0.0030
0.2512 0.1340 -0.0030
0.2605 0.1439 0.0007
0.2605 0.1539 0.0000
0.2696 0.1645 0.0026
0.2786 0.1753 0.0045
0.2828 0.1858 0.0038
0.2921 0.1975 0.0053
0.3037 0.1999 0.0079
0.3153 0.2027 0.0104
